half_seconds	series1_bpm	series2_bpm	series3_bpm	series4_bpm
1	84.2697	91.4634	60.4839	59.2885
2	84.2697	91.4634	60.4839	59.2885
3	84.0619	91.1834	60.4606	59.2885
4	85.6542	91.8788	60.3391	58.8973
5	87.2093	91.1772	60.0762	58.4359
6	87.1246	89.7992	59.2526	58.7312
7	86.8726	90.3571	58.6644	59.1926
8	86.7052	92.0227	59.1295	58.9342
9	87.5899	91.9105	59.6737	58.4728
10	89.1475	91.141	60.776	57.8148
11	89.8204	91.9571	61.5625	57.041
12	89.8204	91.8744	60.6983	56.5014
13	90.4375	90.1645	60.7558	55.9733
14	91.7605	89.8047	64.6925	55.903
15	93.1081	91.6464	69.0724	56.2174
16	94.3291	93.1426	71.9005	56.7069
17	95.8003	93.4519	72.0397	57.6943
18	97.5119	92.3365	69.9949	58.4568
19	98.7457	91.5574	67.3286	58.8014
20	98.904	92.0669	65.0251	59.4547
21	98.3437	92.2745	64.196	61.1772
22	98.3075	92.7285	62.906	61.8198
23	98.8313	94.4017	61.0068	59.6395
24	99.0789	95.7123	59.2666	57.9757
25	98.8157	95.2184	57.7952	57.315
26	98.2998	95.2685	56.9915	56.8477
27	97.7311	96.3945	57.7653	57.0645
28	97.6471	96.8731	58.2358	57.2652
29	97.7922	97.1613	57.462	57.5967
30	97.2974	97.054	56.8552	57.9151
31	96.2042	97.7903	57.5159	57.8072
32	95.2318	98.6842	58.1395	57.6959
33	94.9367	98.6842	59.7941	57.3042
34	95.0867	98.8201	61.4044	56.8671
35	95.389	99.1469	59.9769	58.7233
36	95.5414	99.3377	58.5938	61.1785
37	95.2439	99.3377	58.4807	61.2107
38	94.9415	99.3377	58.3667	60.5884
39	95.3557	99.1469	59.4716	59.4899
40	96.3423	98.9404	60.6531	58.3177
41	97.1563	99.0789	59.8142	57.8776
42	97.4026	98.9587	58.8616	57.5434
43	96.7028	99.3053	58.3032	58.0224
44	96.5516	99.7168	57.7376	58.8144
45	97.9837	99.4225	59.0713	58.6766
46	98.9879	99.7811	60.7129	58.1066
47	97.6312	101.133	59.9371	58.0485
48	95.4064	102.041	58.7462	58.2738
49	93.8603	101.372	58.88	58.9334
50	93.0552	100.954	59.2274	59.9925
51	94.6012	101.278	60.9969	59.6524
52	95.8476	101.495	63.1322	58.1461
53	95.7692	101.839	62.1569	57.3197
54	95.9236	102.041	60.6192	56.9932
55	95.7692	102.041	59.9292	56.8562
56	95.9211	102.041	59.3316	56.9642
57	95.8501	102.041	60.5066	57.1993
58	94.6703	102.228	61.8541	57.8651
59	93.0993	102.578	61.0235	58.7626
60	91.972	102.67	60.0317	60.8298
61	91.7821	102.32	59.5427	62.0315
62	91.7911	102.041	59.0702	60.3091
63	90.807	102.041	60.1878	58.761
64	89.3196	101.581	61.398	57.5353
65	88.1511	101.059	60.8681	56.5658
66	88.7762	101.174	60.2508	56.2489
67	90.2265	101.166	59.8853	55.9701
68	90.8066	99.5098	59.5267	56.8106
69	91.2284	98.0392	61.4931	57.6716
70	92.4238	97.8279	63.4416	57.3007
71	93.243	96.9769	62.7021	56.8636
72	92.8472	95.6878	61.8881	56.4042
73	92.5926	95.2898	61.2607	55.8761
74	91.7778	95.2657	61.0743	55.9608
75	91.2974	93.4809	63.0375	56.2753
76	91.6364	91.1667	64.1869	56.391
77	91.2952	90.3614	62.7235	56.391
78	91.771	88.0565	61.3585	56.2339
79	93.2285	85.8787	60.3748	55.8162
80	93.3199	85.819	60.123	55.5556
81	91.8799	84.4828	61.1067	55.5556
82	91.2239	83.5102	61.4131	55.573
83	92.4055	83.5912	60.6693	55.8851
84	93.8716	83.184	59.8359	56.1798
85	94.5825	83.0755	58.8983	56.2769
86	94.5594	83.1042	58.4954	56.3825
87	94.9453	82.674	58.84	57.2633
88	96.2412	82.6416	58.7827	58.3647
89	96.6879	82.6266	57.9908	57.9332
90	95.8295	82.1936	57.4153	57.0455
91	94.7819	82.2086	57.1968	57.2357
92	93.4731	81.7388	57.2415	57.8964
93	92.7997	80.637	58.6048	58.6679
94	92.963	80.2139	59.761	59.5981
95	92.6996	80.2139	59.761	59.3446
96	91.9648	80.2415	59.713	58.1908
97	91.2417	80.4571	59.36	57.479
98	91.9312	80.7847	59.1294	57.042
99	93.9548	81.0026	59.8438	56.7379
100	95.3044	81.0811	60.5134	56.5243
101	95.2511	81.0811	60.7592	56.5249
102	94.5358	81.3063	60.6761	57.0651
103	93.8093	82.4324	58.7054	57.598
104	93.2287	83.5102	57.0087	58.3899
105	92.2065	84.1379	56.4766	58.9397
106	92.1588	85.3978	55.9701	58.0381
107	93.6376	85.5231	57.9006	57.2348
108	94.899	85.0443	60.036	56.6987
109	95.1592	85.4237	59.5946	56.1798
110	95.2415	85.1719	58.8859	56.1798
111	95.5414	84.9153	58.2339	56.1798
112	95.0971	85.3747	57.5578	56.9245
113	94.528	86.185	58.2759	57.9044
114	95.5887	86.7052	59.3021	58.7038
115	96.4715	86.8383	58.2397	59.5145
116	96.6158	87.0903	56.5677	59.3594
117	97.0769	87.2093	56.0478	58.7758
118	96.8531	87.2093	55.8389	58.0947
119	96.3947	87.3113	56.3327	57.3149
120	97.4291	87.5746	57.5214	56.8618
121	98.1767	87.9856	57.7319	56.5402
122	97.0148	88.2353	56.752	56.3479
123	96.044	88.8264	56.2391	56.2423
124	95.9581	90.721	56.4511	56.2374
125	96.4814	92.0245	56.8755	56.4494
126	96.5211	92.0245	58.5736	56.653
127	95.3629	91.4768	59.7802	56.9771
128	93.5741	90.1074	58.4061	57.2581
129	92.077	89.2857	57.3096	57.3677
130	90.4094	90.463	58.2112	57.4713
131	90.1751	91.9982	59.0858	57.4713
132	91.3312	92.3535	60.0461	57.4713
133	91.2883	93.6437	60.8849	56.903
134	89.0592	93.229	59.4668	56.2573
135	87.052	91.8115	58.1395	56.1798
136	86.6226	92.6347	57.3717	56.1798
137	85.7889	93.1677	56.6038	56.5724
138	85.6348	93.7255	58.0981	57.2181
139	85.3911	93.1451	59.7962	57.7631
140	83.8064	91.5578	57.0875	58.3244
141	82.8729	91.3269	53.7779	58.5399
142	82.6266	92.3565	53.2026	58.4259
143	82.645	93.389	52.9207	58.3658
144	82.645	93.9649	53.2363	58.3658
145	82.645	94.7596	54.4014	58.7911
146	82.645	95.6767	55.0021	59.9726
147	82.645	96.7582	54.2143	60.4974
148	82.645	97.6169	53.5714	59.8949
149	82.645	97.9552	53.1278	58.9085
150	82.645	98.1321	52.6579	57.2365
151	82.645	98.4546	53.0074	56.0365
152	95.0292	98.6842	53.5733	55.4192
153	95.6378	98.6842	54.0187	54.9548
154	95.3338	98.6842	54.6095	55.1575
155	94.6154	98.6842	54.7747	55.3506
156	94.717	98.7522	54.0879	55.902
157	94.4172	99.0789	53.5753	56.5286
158	93.071	99.6689	54.0623	56.4427
159	92.4772	100	54.5455	56.2307
160	92.7607	100	55.5509	56.3121
161	92.308	100	56.7953	56.5241
162	92.0245	100.067	56.7335	56.5501
163	91.0371	100.403	56.3062	56.4438
164	90.0865	100.671	56.5466	56.431
165	90.1796	100.949	57.1923	56.5374
166	90.0281	101.507	58.136	56.7148
167	90.5564	101.757	59.5208	57.1486
168	91.7077	101.633	59.4585	57.4713
169	92.4405	101.823	57.8551	57.4713
170	92.963	102.424	56.5946	57.4281
171	93.4589	103.068	55.4498	56.8879
172	93.75	103.423	55.0704	56.391
173	94.2788	103.233	56.768	56.8008
174	95.6006	103.034	58.0007	57.2312
175	96.8981	103.151	56.916	57.2519
176	97.4026	103.034	55.9701	57.2519
177	97.6343	103.134	56.927	57.3353
178	98.1152	103.448	57.8995	57.4449
179	98.7137	103.448	59.0864	57.3976
180	99.5611	103.448	60.3708	57.2879
181	100.365	103.618	59.6069	57.3151
182	100.671	103.977	58.6618	57.4248
183	100.435	104.167	58.5938	57.6343
184	99.6052	104.161	58.5938	57.9685
185	98.4364	103.802	59.7925	58.433
186	97.6318	103.756	61.2334	59.1251
187	97.4026	103.862	59.8108	60.6853
188	96.6432	103.362	57.9193	63.5321
189	96.412	103.034	57.6039	66.2369
190	97.5981	103.075	57.4934	68.0319
191	98.3932	102.565	58.202	66.5347
192	97.9665	101.329	59.2282	63.7766
193	95.0147	100.96	58.7332	59.9915
194	92	101.3	57.5972	56.4358
195	91.2143	100.711	57.3177	57.6926
196	91.2594	99.4639	57.4274	59.6027
197	92.2747	99.0789	58.3052	59.7183
198	92.9359	98.9927	59.9339	59.3625
199	92.795	98.1459	59.9747	58.9342
200	93.0328	97.6987	58.5678	58.4728
201	93.8005	97.5524	57.9151	58.4469
202	95.0726	96.4537	57.9151	58.5609
203	96.5076	93.8084	58.4185	59.5505
204	97.6244	92.2608	59.703	60.9913
205	98.0753	92.0937	60.24	61.5655
206	98.3978	91.3595	59.6424	61.692
207	99.5744	91.2461	60.6485	60.8818
208	100.568	90.0043	60.6485	59.7795
209	101.201	88.3902	60.6485	59.7029
210	101.996	88.2833	60.6485	59.941
211	101.752	88.5444	60.6485	59.9101
212	100.957	87.4915	60.6485	59.7906
213	100.026	85.9699	60.6485	59.4122
214	99.6107	85.6912	67.6856	58.9435
215	99.7351	84.9689	66.6344	58.5037
216	98.9231	84.2697	64.1643	58.0495
217	97.2177	84.2697	61.2452	57.6367
218	96.4963	84.2697	58.8926	57.1963
219	96.5062	84.4506	56.8621	57.1496
220	96.5806	84.8552	55.6961	57.3681
221	97.4089	85.3966	54.7802	57.8197
222	98.2353	85.9468	55.0272	58.6116
223	98.3075	85.7898	57.1501	59.1991
224	98.0392	85.0731	58.5938	59.552
225	97.81	84.7458	58.5938	59.6198
226	97.3384	85.0944	58.5177	59.2669
227	96.8581	85.5787	58.1784	59.7371
228	96.3871	85.7143	58.0373	61.5903
229	97.0965	85.4903	58.8417	63.6519
230	98.543	85.2468	59.4919	65.6045
231	99.571	85.3837	59.2576	65.4723
232	100.383	86.8877	58.9056	63.6515
233	100.548	88.2353	57.4679	60.6914
234	99.8818	86.9463	56.1798	57.5879
235	96.8987	86.9463	55.2931	57.0979
236	95.0382	86.9463	54.3771	57.535
237	96.0268	86.9463	55.044	57.6923
238	96.6055	85.6331	55.9599	57.6923
239	96.7742	87.4806	55.732	57.6923
240	96.4715	88.8293	55.0144	57.6923
241	95.7183	90.5285	54.4091	58.4995
242	94.9637	91.3636	53.6326	60.5176
243	94.7937	92.6799	53.5106	61.4446
244	96.1652	93.75	55.324	60.8224
245	97.7082	94.2014	56.7978	59.7211
246	98.0265	95.1731	56.4785	58.1051
247	98.2043	95.9236	56.1798	57.0901
248	98.6236	96.464	56.1798	56.6596
249	99.1664	96.5385	56.1798	56.4174
250	100.063	96.3871	56.6043	56.5238
251	102.237	96.6228	57.1404	56.6175
252	104.256	96.7842	58.0425	56.7247
253	104.368	97.0984	59.1785	56.8064
254	103.428	97.6572	58.7514	56.0726
255	102.716	98.1613	57.6154	55.3506
256	103.304	98.5475	57.0005	55.525
257	103.373	98.6378	56.5701	55.7308
258	100.826	98.3153	56.8412	55.8345
259	98.563	98.3359	57.8286	55.9385
260	98.2895	98.8885	57.6816	56.3239
261	98.1599	99.0789	55.9713	56.9648
262	97.0303	99.0331	54.7967	56.9597
263	95.5209	99.5263	54.1099	56.3188
264	94.4763	100	53.5714	55.9701
265	94.4791	99.1373	55.2613	55.9701
266	95.7819	99.2432	56.9927	55.9878
267	97.3151	100.944	56.6617	56.0926
268	97.3915	101.362	56.2345	56.1866
269	97.7791	99.8657	56.1026	56.3986
270	99.0609	98.6842	55.9978	56.6038
271	99.2175	98.9665	56.7467	57.5112
272	98.9404	98.4525	58.0585	58.5062
273	99.0606	97.4782	59.0418	58.2043
274	98.7248	97.6698	59.8654	57.7536
275	96.3218	98.0392	59.661	57.6057
276	93.4816	97.1267	58.6103	57.4951
277	91.8813	97.3302	58.0304	57.3192
278	90.8463	98.892	57.8068	57.1007
279	92.4127	99.1404	58.1631	57.6324
280	94.2124	98.5695	59.3169	58.6429
281	92.4513	99.098	59.1779	59.8751
282	92.4513	100.295	57.163	61.3392
283	92.4513	100.4	55.6535	61.2161
284	92.4513	100.105	54.4542	59.9862
285	89.9078	100	53.613	58.5072
286	93.5217	99.9421	55.3444	56.8352
287	97.4854	99.2842	57.0342	56.0325
288	99.4921	98.9692	56.354	55.7203
289	99.4464	99.2959	55.6147	55.6202
290	98.7744	99.0417	55.634	55.8275
291	96.5739	98.3924	55.7373	56.2489
292	96.1598	98.0418	56.9777	57.9081
293	97.6346	98.3643	58.9772	59.3226
294	97.9628	98.1767	59.761	59.5588
295	97.8419	97.8947	59.761	59.761
296	97.2094	98.4023	59.4835	59.761
297	96.7742	98.6429	59.0148	59.8387
298	98.1161	98.3204	59.5554	60.446
299	100.156	98.6262	60.8814	60.8976
300	100.95	99.5059	60.6109	60.4098
301	100.946	99.4131	59.1701	59.7977
302	101.098	98.7099	58.2234	58.5333
303	101.351	98.8651	57.5525	57.4478
304	101.351	99.3377	57.8785	57.1212
305	100.185	99.058	59.2525	56.8182
306	98.3766	98.9404	59.129	56.7153
307	97.4133	99.0789	57.2189	56.6081
308	96.6234	98.8698	56.2819	57.061
309	95.8476	98.6842	56.6011	57.6052
310	94.875	99.011	57.2249	57.777
311	93.8442	99.0789	59.1802	57.8883
312	93.3238	98.9404	60.4024	57.464
313	93.1677	99.0789	58.9955	56.8083
314	92.9124	98.9404	58.0438	57.0399
315	92.795	99.0606	58.8481	57.8078
316	92.963	99.0293	59.7759	58.0268
317	92.7997	98.7025	61.5266	57.8032
318	93.4731	98.5191	62.8091	57.7871
319	94.3396	98.1966	61.9088	58.0107
320	94.6184	98.0808	61.4031	58.0192
321	95.283	98.73	62.0408	57.6851
322	95.9113	97.1986	62.7885	57.2956
323	95.8599	94.6995	63.5897	56.6499
324	95.9876	94.3396	63.0432	56.1655
325	96.5917	94.2072	60.8724	56.0607
326	96.5684	94.2072	59.3718	55.9701
327	95.6497	94.2072	58.5611	56.1789
328	95.5209	94.2072	58.3785	56.3893
329	95.9115	94.2072	58.953	56.6689
330	95.2212	94.2072	58.8467	56.9905
331	94.2373	88.9888	57.7195	57.6268
332	93.75	90.3422	57.0972	58.4066
333	93.2315	90.9091	57.3157	58.758
334	92.4824	91.1685	57.797	58.9887
335	92.8411	92.3431	59.4258	58.9764
336	95.1926	93.904	60.4136	58.8606
337	95.1926	94.7699	59.0068	60.5128
338	95.1926	95.2657	57.8981	63.1523
339	95.1926	96.5805	57.7868	63.1523
340	95.1926	98.0255	57.7668	63.1523
341	95.1926	98.9472	58.8011	63.1523
342	95.1926	100.067	59.6668	63.1523
343	95.1926	100.677	58.1954	63.1523
344	95.1926	101.361	56.8182	63.1523
345	95.1926	101.754	56.0227	63.1523
346	95.1926	101.633	55.1872	76.9231
347	104.299	102.084	56.0489	73.0549
348	102.933	102.555	57.211	68.1765
349	102.698	102.788	56.8123	64.3208
350	101.647	103.142	55.8544	61.4754
351	98.3221	102.761	55.4477	61.4754
352	96.6484	101.782	55.2435	61.9378
353	97.8146	101.633	55.6737	63.2514
354	98.797	101.757	57.17	63.9722
355	98.6411	101.544	58.3389	63.7006
356	96.5556	101.376	59.031	63.3232
357	93.9147	101.721	59.4918	62.9243
358	92.4174	101.732	59.3742	63.1247
359	92.0825	101.387	59.3768	63.6589
360	93.2812	101.351	59.7325	64.9645
361	92.3664	101.351	60.2143	66.383
362	90.1977	101.297	61.0785	65.8009
363	89.9113	100.957	61.1829	64.8101
364	89.8204	101	59.3885	63.9882
365	90.3604	101.074	58.2216	63.4657
366	90.7207	100.35	58.5636	64.1478
367	89.6519	99.6098	58.7104	64.436
368	87.2386	99.2802	58.1448	63.8881
369	85.2571	98.9535	57.5035	62.8347
370	85.9714	99.6379	55.9301	61.4194
371	88.2143	100.631	54.5455	60.7949
372	89.2857	100.478	55.2008	60.9183
373	87.7857	100.268	55.9132	60.2992
374	86.6695	100.524	56.8119	59.1082
375	87.9053	101.074	57.8966	58.8356
376	88.7574	101.351	57.9016	59.3006
377	89.7532	101.351	57.5675	60.0156
378	90.8726	101.569	57.8215	60.9914
379	90.3864	101.569	58.3827	61.2017
380	87.0231	101.569	59.9466	60.706
381	83.496	100.623	62.2953	60.0781
382	82.9967	99.6296	62.7598	59.3637
383	85.7531	99.6296	61.9784	58.6899
384	87.3753	104.167	61.3605	58.0085
385	86.2487	103.917	60.8607	57.493
386	85.8621	103.75	61.6014	57.0559
387	85.9744	104.14	62.7496	56.9685
388	87.5862	104.671	61.5266	57.4056
389	89.394	104.826	59.7759	58.2587
390	89.2899	104.102	59.7759	60.4043
391	89.5466	103.448	59.7759	62.1979
392	90.5282	103.448	59.7759	62.8518
393	91.0023	103.23	59.7759	62.3261
394	91.6818	102.876	59.7759	60.0923
395	92.9149	102.839	59.7759	59.1013
396	94.4236	103.151	68.1561	59.8101
397	95.0212	103.051	65.9924	59.5564
398	94.5112	103.077	63.8354	57.845
399	93.6224	103.716	64.0985	56.6364
400	93.4402	104.092	64.7563	56.0051
401	92.7995	104.167	65.6233	55.4657
402	91.125	104.167	65.6696	54.7637
403	89.8247	104.167	63.4755	54.1516
404	91.2112	104.178	61.79	54.3312
405	93.5647	104.543	61.286	54.5281
406	94.4258	104.572	61.0796	54.7596
407	95.0425	104.207	61.3295	55.0604
408	94.4881	104.167	61.0777	55.2565
409	93.75	104.167	60.2204	55.4608
410	93.9316	103.967	59.9816	55.7126
411	94.5385	103.293	60.4655	56.1303
412	95.4434	103.134	61.8744	56.0891
413	94.8365	103.448	64.2611	54.8721
414	93.2778	103.168	65.0487	53.9545
415	92.4055	103.034	64.3489	53.8578
416	91.5635	102.989	63.6846	53.7634
417	90.471	102.418	63.1459	53.3886
418	90.5367	102.08	64.2304	52.9153
419	91.5154	102.429	65.509	52.9635
420	91.35	102.084	63.5289	53.2455
421	89.3208	101.918	61.3481	53.6487
422	88.1802	102.573	60.0222	54.6336
423	89.1291	102.74	58.8565	55.2984
424	90.2812	102.74	59.4447	54.797
425	92.0564	102.74	59.9933	54.3478
426	92.9032	102.74	59.8738	54.086
427	91.9195	102.74	59.7842	53.7938
428	90.166	102.74	60.2681	53.8276
429	87.6693	102.536	60.7832	53.9243
430	88.0848	101.501	61.5391	53.9997
431	90.641	99.6778	62.6242	54.0971
432	91.9066	98.6842	65.2877	54.218
433	93.1219	98.3695	68.0929	54.5145
434	93.1759	96.6559	69.5204	54.7413
435	92.2043	94.9417	71.9423	54.6418
436	91.1155	94.7815	74.219	54.5455
437	89.5742	94.9367	74.8015	54.3006
438	88.2217	92.2468	74.5426	54.0063
439	88.9623	90.7785	74.3579	54.3187
440	91.1344	92.6852	72.3716	54.9138
441	92.6341	92.9815	69.6291	55.2353
442	93.4775	92.5926	69.6291	55.4395
443	93.9811	92.8042	69.6291	55.6981
444	94.7404	93.3543	69.6291	56.2222
445	95.96	94.0162	69.6291	56.6365
446	97.4116	94.3396	69.6291	56.8517
447	99.7615	94.3396	69.6291	57.0188
448	101.351	94.3396	69.6291	56.6972
449	101.123	94.4471	57.9088	56.391
450	99.9982	94.7456	57.3433	56.391
451	97.8726	94.9367	56.6877	56.391
452	95.4913	94.9367	57.2663	57.3543
453	92.6655	94.9367	58.1473	58.5705
454	90.5932	95.216	59.4479	60.3042
455	89.6715	96.1549	61.0027	62.2732
456	88.4337	97.1085	60.6619	65.1688
457	89.2376	97.6674	59.5685	67.8781
458	91.185	98.1818	58.6343	66.5576
459	91.5465	98.5578	57.7257	64.9351
460	90.9202	98.8	58.2703	64.9351
461	90.3614	99.4579	59.5347	63.8283
462	90.3614	99.3579	59.0628	61.0051
463	90.4556	99.2	57.5799	58.6397
464	90.7428	99.8421	56.7533	56.8764
465	91.4802	100	56.2213	56.4064
466	92.229	100	56.4739	59.3896
467	92.5131	100	57.7857	62.7778
468	92.5926	100	58.118	66.6358
469	92.5926	100	56.7022	69.2712
470	92.8318	100.188	55.6139	68.9526
471	93.9316	100.523	54.8087	67.3714
472	95.473	100.612	54.1516	65.5764
473	95.7212	100.277	55.7583	64.8143
474	95.7212	100	57.4182	64.3043
475	95.7212	100.26	57.279	63.3487
476	95.7212	100.4	57.0604	61.9624
477	95.7212	100.268	56.6214	58.9079
478	95.7212	100.53	56.0893	56.4329
479	95.7212	101.074	56.0364	57.3072
480	95.7212	101.009	56.1412	58.1395
481	95.7212	100.949	56.7784	57.4894
482	78.5878	100.862	57.9854	56.8288
483	80.6419	100.541	57.7764	57.0073
484	82.7255	100.968	55.9521	57.2241
485	84.3797	101.308	54.9986	57.0836
486	84.4015	100.632	55.2013	56.8668
487	83.8636	100.29	55.5173	56.4676
488	84.614	100.854	57.2537	55.9395
489	82.012	101.074	58.7614	56.7858
490	79.5961	100.946	57.6515	58.7852
491	80.9197	101.151	56.6038	59.5247
492	82.6967	101.735	56.5042	59.056
493	83.5211	101.718	56.3978	58.7173
494	83.0931	101.633	57.5616	58.4884
495	83.1381	101.955	59.0104	58.6504
496	82.847	101.767	57.9877	59.348
497	82.1639	101.224	56.3285	59.4819
498	81.9672	101.498	55.6421	58.7843
499	82.8698	102.041	55.1296	58.6057
500	84.281	101.746	55.6222	59.3033
501	85.252	101.633	57.1072	59.8416
502	87.4286	101.928	57.5017	60.0816
503	89.379	101.931	56.4252	59.7268
504	89.6429	101.633	55.508	58.2323
505	89.4782	101.743	54.4126	57.0416
506	88.5526	101.71	53.5714	56.1934
507	87.3399	101.365	54.2527	55.5738
508	86.5774	101.555	54.9396	55.7811
509	86.4999	101.476	56.2356	55.9701
510	86.9048	100.454	57.8329	57.4263
511	87.9264	99.2	57.4891	58.9687
512	89.9372	99.3421	56.6148	59.1616
513	92.1468	98.7097	56.8604	59.2783
514	92.7059	97.451	57.6224	58.0965
515	91.0494	97.1394	58.4822	56.7541
516	88.8935	95.6458	59.5246	56.8527
517	88.609	95.6348	59.2525	57.1767
518	87.8714	95.0514	57.8785	56.3425
519	86.2799	93.2661	57.0591	54.9893
520	86.402	92.9896	56.6286	55.2881
521	86.4541	91.2979	56.5287	56.8615
522	86.8316	91.8811	56.9592	57.736
523	88.0487	93.2204	56.9711	57.8473
524	89.2307	92.6499	55.7174	57.6039
525	88.3874	94.1279	54.7709	56.6314
526	86.6963	94.8972	55.5941	56.0259
527	86.5061	94.1038	56.391	56.3427
528	87.6658	93.508	57.3866	56.5744
529	88.9666	92.9348	58.488	56.0503
530	89.4717	92.9446	58.2079	55.5556
531	90	92.6327	57.7572	56.3155
532	89.759	92.4224	58.1312	57.1637
533	88.8782	92.9574	58.6968	56.9927
534	88.2456	93.1045	59.7994	56.6686
535	87.8337	91.9752	61.1254	56.3176
536	86.9268	92.1715	60.1677	55.8968
537	85.7276	93.6149	58.4998	55.9281
538	84.9399	93.5849	57.5101	56.2426
539	84.4506	93.8568	56.6358	56.1422
540	84.8591	93.8099	56.8421	55.5202
541	85.6838	93.0468	57.6041	54.9921
542	86.0937	92.5223	57.4094	54.3003
543	87.5128	91.8451	56.4369	53.7634
544	89.1146	91.184	55.6283	54.1513
545	90.1118	91.2928	54.719	54.5423
546	91.6609	91.8505	54.1831	54.4672
547	92.2972	92.1171	54.38	54.3684
548	91.818	93.2747	54.5455	54.3478
549	91.3039	93.6338	54.9319	54.3478
550	90.7051	93.2075	55.3345	54.4601
551	90.6616	93.985	55.7626	54.7587
552	90.6966	94.7098	56.2828	55.2088
553	89.9465	92.704	56.2513	56.5824
554	88.7994	91.3256	56.0408	57.8623
555	87.9546	92.6738	56.6523	59.3806
556	88.2832	93.1265	57.9641	60.3355
557	89.0664	92.555	57.9746	57.4436
558	89.2773	92.2427	56.6628	54.9451
559	89.0131	92.5267	55.64	54.5674
560	87.8902	92.4932	54.6333	54.1707
561	86.615	91.9286	54.0724	53.7291
562	86.2069	91.4634	55.1839	53.1551
563	86.8845	91.7751	56.1798	53.1376
564	87.7769	92.4133	55.0103	53.4215
565	88.0702	92.9538	53.8021	53.5056
566	87.934	93.1677	53.4151	53.2216
567	87.1143	93.7692	52.9418	53.0035
568	86.8784	94.6537	52.9477	53.4649
569	88.0322	94.9367	53.2297	53.9416
570	89.3186	94.9367	53.6157	54.3996
571	89.2497	95.4771	54.703	54.9947
572	88.2725	96.4853	55.4947	54.6454
573	87.5376	97.3077	54.4073	53.7623
574	86.2341	97.9101	53.3808	53.5671
575	86.1094	98.4211	53.3043	54.1495
576	87.4868	98.372	53.2097	54.5574
577	87.6115	98.5326	54.0745	54.6569
578	87.6402	98.9964	55.6743	54.7445
579	88.0294	98.8358	56.0844	56.1123
580	87.7412	98.7182	55.3615	57.5862
581	86.6045	99.045	54.8734	57.7868
582	86.7976	99.6344	54.5748	57.8981
583	88.4143	99.7351	54.3738	58.448
584	89.1041	99.6	55.1849	59.1347
585	88.49	99.9271	55.9701	60.3985
586	87.3907	100.4	54.8205	61.8746
587	86.9502	100.303	53.5258	60.6442
588	87.0238	100.301	53.2601	58.7068
589	86.7642	100.636	53.0714	57.5263
590	85.5504	100.671	53.2563	56.4333
591	84.0837	100.78	53.9284	58.427
592	83.8277	101.12	54.2507	58.427
593	85.1986	101.351	53.6725	58.427
594	86.8666	101.351	53.1915	58.427
595	88.1815	101.616	53.6293	58.427
596	88.5214	101.961	54.1094	63.4306
597	88.2604	101.897	55.4613	59.3333
598	88.2833	101.633	57.343	55.5556
599	88.5444	101.757	57.9151	57.1234
600	87.6964	101.677	57.9151	58.8731
601	86.0997	101.957	58.2297	59.8848
602	85.1549	102.651	58.7997	60.845
603	84.7458	102.552	59.5544	59.017
604	84.601	102.329	60.5147	56.8311
605	84.4511	102.516	59.769	57.6455
606	84.8366	102.74	57.5831	58.9878
607	84.4924	102.74	55.9076	60.3985
608	83.5455	102.146	54.2961	61.8746
609	83.3333	101.683	53.619	61.4168
610	83.9661	102.101	54.9137	60.4169
611	84.9048	102.114	55.8924	59.0888
612	85.5223	100.964	53.949	57.7039
613	86.5216	100.379	52.0833	58.8675
614	86.5116	100.357	53.2857	60.7441
615	85.1722	100.021	54.9193	60.6508
616	83.7017	100	56.4026	59.919
617	82.4889	99.8887	58.2549	58.6192
618	82.4781	99.6	58.6306	57.1478
619	83.5605	99.7113	57.8387	58.1984
620	84.4982	100	58.1461	60.2772
621	84.4787	100	59.6524	61.0622
622	83.9374	100.177	60.5407	61.1867
623	83.0309	100.513	60.6631	60.3409
624	83.0251	100.671	60.2078	59.1405
625	83.9511	100.671	59.1403	60.3783
626	84.2697	100.671	59.6862	62.6121
627	84.462	100.93	62.169	65.2474
628	85.0841	101.074	62.9842	67.8217
629	86.1177	100.815	61.9422	71.5332
630	87.7395	100.671	61.1051	75.4708
631	89.2835	100.671	60.4879	77.4244
632	89.9091	100.671	61.0874	73.3045
633	89.6472	102.905	62.4795	73.3045
634	89.5488	102.905	62.0452	73.3045
635	89.6429	96.4238	60.653	73.3045
636	89.5433	99.8268	59.5734	73.3045
637	89.9871	97.9788	58.6358	73.3045
638	90.3614	102.074	58.6684	73.3045
639	90.1861	100.874	59.1298	73.3045
640	89.6683	100.874	58.1089	73.3045
641	88.7806	100.874	56.2424	73.3045
642	87.9897	94.7721	55.7029	56.0491
643	88.0348	93.8649	56.015	56.783
644	88.4809	91.706	56.9855	58.0541
645	88.4358	91.5335	59.3834	59.5255
646	87.788	90.5322	60.8404	59.8604
647	87.0264	90.0974	60.4731	59.9799
648	86.5921	89.8032	60.2866	59.3202
649	87.6148	89.0012	60.4081	58.503
650	89.5664	88.7574	60.7278	58.8151
651	90.4071	89.2846	61.3501	59.3941
652	90.2084	89.9936	61.1296	59.5238
653	90.7208	90.3582	59.7929	59.5238
654	91.4634	90.7273	58.9117	58.5173
655	91.4634	91.1885	58.5671	57.1645
656	91.2892	91.6587	58.6169	56.8865
657	90.2003	91.9392	59.3145	56.9945
658	88.4385	92.0245	59.0208	57.208
659	87.8571	92.0245	56.9181	57.537
660	88.73	92.2472	55.4396	57.2137
661	89.5787	91.2177	54.8357	56.1453
662	89.6172	88.7639	54.3478	55.4676
663	89.4611	88.9619	56.2133	55.1624
664	89.6217	89.3257	58.1092	54.9768
665	89.2464	87.6901	57.7312	55.2821
666	89.9466	86.6545	57.2874	55.5556
667	91.4612	86.462	57.4334	55.4588
668	91.6883	87.531	57.6536	55.3563
669	92.0912	87.6069	58.7308	55.4301
670	92.3608	83.9691	60.1266	55.5326
671	92.6695	84.213	59.9409	55.4924
672	94.0669	87.01	59.2266	55.3899
673	95.8491	85.5312	58.3195	55.1702
674	97.4067	85.7983	57.3091	54.7677
675	98.0392	87.2093	57.7376	54.5701
676	97.6901	87.2093	58.8647	54.6697
677	96.7709	87.2093	59.2885	54.7672
678	95.4989	87.2093	59.2885	55.1727
679	93.4107	87.9091	58.702	55.5556
680	91.8158	89.2146	57.6837	55.1922
681	91.4155	89.8204	57.0453	54.7867
682	91.0055	90.2907	56.6148	54.8862
683	90.3038	90.9858	56.62	55.0875
684	89.6129	91.7399	57.2707	55.4755
685	88.8971	93.603	57.5153	56.0974
686	87.8873	94.6477	56.8647	56.9705
687	88.8736	94.557	56.4217	58.4193
688	90.1645	94.9766	56.6353	60.6202
689	89.6856	95.4782	56.8729	60.6202
690	89.0598	96.2663	58.5843	60.6202
691	88.2176	96.7742	60.2314	64.8084
692	87.0456	96.5583	59.9914	63.0933
693	86.386	96.5279	59.7534	61.2688
694	87.3176	97.1964	59.5172	61.0926
695	88.9581	98.1818	59.2943	61.5924
696	89.2941	98.3617	60.0144	60.9572
697	88.6277	98.543	60.7209	59.9734
698	88.5527	99.571	60.477	59.2196
699	89.4503	100.383	60.19	58.522
700	90.6981	100.609	58.9157	58.2843
701	91.6387	100.274	57.6923	58.1712
702	92.0245	100.33	58.0156	57.9928
703	90.7537	100.935	58.3523	57.7692
704	89.5404	101.49	58.9964	57.8863
705	89.7092	101.465	59.694	58.223
706	89.8204	100.657	58.6369	59.0443
707	90.0671	100.413	57.3824	60.3492
708	89.7168	100.671	57.0784	60.5749
709	88.4504	100.96	56.8616	59.849
710	86.9939	101.3	57.8305	58.8566
711	86.8361	101.351	59.3019	57.6118
712	87.8331	101.351	59.6803	57.0812
713	88.5088	101.313	59.5618	57.1901
714	89.0511	100.973	59.3682	57.8775
715	89.491	101.623	59.1339	59.7393
716	89.7583	102.657	59.5066	60.8851
717	89.8992	102.947	60.221	60.6393
718	90.7208	102.856	60.1728	60.6261
719	91.9061	102.207	59.6928	60.9964
720	92.4706	102.68	59.0864	61.8346
721	92.3784	103.836	58.3942	63.2737
722	91.2628	103.833	58.4659	63.8052
723	91.0799	103.202	59.0404	63.2665
724	91.5991	102.822	60.0216	62.2018
725	91.1545	102.893	61.369	60.9311
726	90.9091	103.345	60.953	61.0671
727	89.9193	103.949	59.2581	61.9455
728	88.8435	104.575	58.4037	63.0271
729	89.0496	104.189	58.0644	64.0956
730	90.4027	103.759	58.9078	64.1388
731	90.0043	103.862	60.942	63.8649
732	87.7045	103.569	61.1113	64.518
733	86.3245	103.572	59.5314	65.2773
734	85.9961	104.001	58.8235	65.7138
735	87.1659	104.601	58.8235	65.1804
736	88.4411	104.895	59.63	62.5051
737	88.7701	104.566	61.3385	60.5545
738	89.0342	103.932	62.1013	60.0706
739	89.2857	103.537	61.8452	59.3969
740	89.1906	103.448	61.2099	58.3625
741	88.9307	103.163	60.3457	57.1843
742	89.2931	102.145	60.6722	55.3165
743	89.8204	101.726	61.7925	54.0153
744	89.5541	101.726	61.4075	55.2323
745	88.7615	101.887	60.1676	56.391
746	88.4901	102.551	59.0008	57.1953
747	89.0828	102.74	57.8559	58.0696
748	89.7773	102.74	58.4094	57.9481
749	90.5215	102.74	60.0382	57.7245
750	90.1234	102.74	60.6553	57.8658
751	89.6473	102.429	60.5328	58.0894
752	90.1592	102.329	59.8315	58.5486
753	90.3614	102.639	58.7724	59.1231
754	89.5851	102.74	58.9588	59.2082
755	88.7831	102.595	60.0179	59.0915
756	88.6885	101.901	60.4839	59.5237
757	88.4274	101.351	60.4839	60.2381
758	89.1963	101.066	59.9244	61.6081
759	90.1036	100.726	58.9793	63.2811
760	89.8075	100.826	59.2416	62.4086
761	89.1613	100.892	60.4325	60.6142
762	88.07	100.071	60.834	58.4494
763	87.9644	99.3377	60.5881	56.21
764	89.2791	99.3377	59.9244	57.7778
765	90.4605	99.3377	58.9793	60.8885
766	90.9091	99.3377	58.9763	60.8885
767	90.7623	99.3377	59.6794	60.8885
768	90.5455	99.3222	60.1982	60.8885
769	90.6922	98.6729	60.5626	60.8885
770	91.4044	98.0392	60.1224	60.8885
771	91.7982	97.1457	59.0549	65.2575
772	91.1411	95.5944	58.5345	60.3814
773	89.4103	94.8943	58.4205	57.3487
774	88.4734	94.0097	58.3658	54.897
775	88.7344	92.9492	58.3658	54.5381
776	88.8679	92.795	58.1385	55.3434
777	89.3994	92.8148	57.5816	55.9707
778	89.5873	91.8396	57.6063	56.6068
779	89.0426	90.9091	58.7423	57.735
780	88.5714	90.9091	59.6659	60.8635
781	88.8487	90.969	60.1459	62.9114
782	89.2857	91.2461	61.0484	61.7536
783	89.414	90.9653	62.8577	60.3846
784	89.6048	90.4143	63.5802	58.743
785	89.2123	90.4294	62.3932	57.8507
786	89.3926	90.7032	60.8384	58.4163
787	90.3217	89.9107	59.0439	58.9076
788	90.8835	88.6845	58.6459	59.2577
789	91.8721	88.4024	59.8181	59.4196
790	92.5926	88.5527	60.4295	58.9546
791	91.8275	88.5318	60.308	59.0071
792	90.3836	88.2708	59.5595	61.3558
793	89.4953	88.0892	58.0649	63.0369
794	89.0554	87.0751	57.5348	62.1291
795	88.9286	87.3645	58.3206	60.7471
796	89.1589	88.4804	59.4118	58.5265
797	89.2857	87.8321	61.25	56.986
798	89.961	87.4725	62.0968	56.7708
799	91.3509	86.8919	61.0887	56.9655
800	92.5522	85.7083	60.3335	60.4432
801	92.8157	85.5331	59.972	63.6477
802	92.8594	87.2429	60.3197	64.0569
803	92.7812	89.1654	61.6892	63.8227
804	92.6192	89.6899	61.89	62.2461
805	93.5335	89.8204	60.64	60.0333
806	93.7162	90.0476	59.7694	56.9946
807	93.1677	90.6003	59.297	55.1252
808	93.3098	91.1391	60.8584	55.0242
809	93.3055	91.1308	60.8584	54.9483
810	92.0341	91.153	60.8584	55.0493
811	91.4044	91.9142	60.8584	55.1471
812	92.6381	92.7996	60.8584	55.7705
813	94.3359	93.1677	60.8584	56.4989
814	96.3489	93.4565	67.076	56.7622
815	97.4026	94.8243	65.9269	56.9774
816	96.8731	96.1923	66.218	56.831
817	95.8836	96.3871	65.9885	56.5093
818	95.2817	96.5335	65.4113	56.3378
819	95.3406	97.3966	63.991	56.2322
820	95.5414	98.2742	62.5026	56.1029
821	95.2923	98.6068	64.6271	55.8941
822	94.3336	98.6842	67.6483	55.7398
823	92.8138	98.7208	70.9062	55.6365
824	91.1825	99.0476	74.1669	55.5108
825	90.8772	99.3377	75.4733	54.7114
826	91.7805	99.3377	74.1486	53.9568
827	92.1951	99.4993	71.386	54.5366
828	91.8212	99.9271	68.7906	55.2335
829	90.0888	100.465	66.447	55.4186
830	88.7574	101.044	65.2925	55.5211
831	88.9232	101.351	64.573	55.7661
832	89.4547	101.104	64.4343	56.1838
833	88.5462	100.764	62.8719	56.5119
834	87.0894	100.788	60.8036	56.8335
835	87.0277	101.128	59.2217	57.2463
836	87.9529	101.351	57.8369	58.0261
837	88.9856	101.688	57.5429	59.1499
838	89.3888	102.312	57.6534	61.6327
839	89.6429	102.894	58.7667	63.5143
840	89.5038	103.318	60.6583	63.3802
841	89.0638	103.338	60.6586	62.9473
842	88.9286	103.034	59.3327	62.166
843	89.2279	103.145	58.6917	61.4198
844	89.901	103.448	58.4628	60.7975
845	89.494	103.744	57.9634	59.6565
846	88.197	103.862	57.1896	58.0405
847	87.5088	103.566	56.9067	57.0728
848	87.4847	103.575	57.1235	56.6424
849	88.4673	103.934	56.8608	56.5465
850	89.5178	104.132	55.6071	57.0867
851	89.7783	103.419	54.6857	57.406
852	88.7278	103.688	54.1951	57.0794
853	87.5479	104.498	53.7634	56.8469
854	87.7595	104.053	54.9301	57.1735
855	89.2519	103.904	56.2438	57.4713
856	90.6265	104.478	56.3107	57.3616
857	90.3744	104.797	56.2051	57.2519
858	89.4911	104.073	56.1144	56.8628
859	88.9413	103.799	56.0096	56.4323
860	89.2634	104.458	56.823	56.309
861	89.9615	104.583	58.5999	56.2034
862	90.0266	104.283	59.3613	55.8493
863	89.3284	104.032	59.0112	55.3329
864	88.2716	103.908	58.3078	55.1943
865	87.6077	104.718	57.0916	55.296
866	87.5701	104.842	56.2673	55.3506
867	88.7655	104.505	55.8496	55.3506
868	90.7637	104.583	55.6414	55.3375
869	91.8658	103.794	56.2727	55.2358
870	92.2385	103.167	56.8741	55.1471
871	93.1012	103.044	59.2027	54.9555
872	95.2137	102.621	61.4574	54.7542
873	97.6589	102.835	61.2075	55.1312
874	98.8192	103.105	60.631	55.64
875	99.0411	103.034	60.631	57.7316
876	99.577	102.927	60.631	57.7316
877	100.37	102.294	60.631	57.7316
878	101.296	101.844	60.631	57.7316
879	101.23	101.191	60.631	57.7316
880	100.632	101.044	60.631	57.7316
881	101.282	101.041	53.2401	57.7316
882	102.162	100.946	53.9123	57.7316
883	101.918	101.256	54.6208	57.7316
884	102.4	101.232	56.5167	73.243
885	102.282	100.733	58.0953	67.4057
886	100.893	99.5187	57.5427	61.6914
887	100.826	98.3798	57.0342	60
888	101.166	98.0573	57.2475	60
889	101.292	97.7255	57.466	60.9721
890	100.616	97.093	57.8684	62.3528
891	99.706	96.7643	58.3157	62.5553
892	98.7169	96.1479	58.4606	62.2948
893	98.294	95.7741	58.5746	61.5875
894	99.04	95.465	57.8137	60.8316
895	98.7765	94.4742	56.8187	63.2342
896	98.0392	94.481	55.8548	66.0209
897	98.2972	94.0805	54.7268	65.9022
898	97.5254	94.2113	54.8137	65.1623
899	95.3411	95.5438	55.8352	63.792
900	93.3965	95.7692	56.4259	62.674
901	92.887	95.9015	56.5323	62.4136
902	94.4949	93.4662	56.3285	61.8823
903	95.2611	90.57	55.005	61.0039
904	93.6464	89.5977	53.9568	60.181
905	92.5926	86.7899	54.6425	59.4666
906	91.0979	84.9518	55.3394	59.2875
907	90.2113	84.8726	55.775	59.8805
908	90.8709	84.1969	56.2953	61.2362
909	89.3208	84.038	56.6871	63.7245
910	87.7193	84.2697	57.1176	65.7906
911	87.7193	84.3097	56.7498	66.8142
912	87.7193	84.5477	55.9016	66.4703
913	87.7193	84.9268	55.2947	65.4467
914	87.7193	85.1676	54.6908	64.6957
915	87.7193	85.2273	54.5062	64.1209
916	81.3612	86.1549	55.2134	63.8136
917	83.0021	87.2887	55.7327	63.5357
918	85.316	87.7575	55.3242	63.4016
919	88.7399	88.6529	54.9451	63.2911
920	91.2032	89.5124	54.856	63.2911
921	92.125	90.2003	54.7558	63.8826
922	93.2808	91.0625	55.244	65.4229
923	95.3589	91.4634	55.9616	65.5617
924	97.5611	91.4634	56.7285	64.1555
925	99.749	91.625	57.7084	61.1666
926	101.791	91.8293	57.8118	57.6888
927	102.422	91.6677	57.1512	56.726
928	102.893	91.1973	56.8182	56.9412
929	103.057	91.0976	56.8182	58.363
930	102.09	91.3636	56.8772	61.2266
931	100.888	91.4214	57.094	62.5468
932	100.353	88.7931	56.9619	62.1578
933	100.163	86.2069	55.3144	61.597
934	99.3671	86.564	53.9568	60.9697
935	99.058	88.1034	54.1429	60.2679
936	99.9618	86.8496	54.3384	59.5478
937	100.132	85.7273	54.9513	59.8082
938	99.6859	88.6554	55.7625	60.6517
939	99.6253	88.2382	55.2505	60.6595
940	99.2	87.5511	54.0512	60.1717
941	99.4211	89.3578	53.4692	61.1532
942	100.309	89.8398	53.1853	62.9329
943	100.644	90.1104	53.0871	64.1894
944	100.491	90.3614	53.9576	65.0184
945	100.156	90.3614	54.7445	62.5983
946	100	91.0664	55.977	59.7516
947	100	91.0664	57.3404	58.0123
948	100.314	91.0664	56.523	56.3403
949	100.903	91.0664	55.3609	56.3426
950	100.886	94.1248	55.2778	56.5546
951	100.79	94.1248		
952	102	94.1248		
953	103.605	95.1641		
954	104.545	95.6183		
955	104.247	95.9995		
956	103.788	96.1538		
957	104.941	97.419		
958	106.524	98.4314		
959	106.756	98.2895		
960	105.278	98.7686		
961	102.758	99.5684		
962	100.665	100		
963	98.9403	100		
964	98.0158	100		
965	98.0662	99.8199		
966	97.1842	99.4887		
967	95.0685	99.2959		
968	93.2593	98.9692		
969	93.6635	98.6842		
970	95.7407	98.9116		
971	97.8911	98.9116		
972	99.7651	98.9116		
973	100.976	93.7521		
974	101.316	92.3333		
975	101.905	92.3333		
976	102.823	92.3333		
977	102.894	92.3333		
978	102.32	102.162		
979	102.041	101.918		
980	102.638	102.162		
981	103.341	102.74		
982	103.638	102.449		
983	103.862	102.1		
984	103.672	102.209		
985	103.448	102.449		
986	103.448	102.377		
987	103.448	102.84		
988	103.188	103.799		
989	102.833	103.282		
990	102.6	102.684		
991	102.408	103.376		
992	102.925	103.862		
993	103.83	103.75		
994	103.516	103.871		
995	102.803	104.167		
996	102.538	103.853		
997	102.329	103.75		
998	102.612	104.063		
999	103.228	104.02		
1000	104.224	103.75		
1001	105.585	103.897		
1002	105.443	104.167		
1003	104.624	104.167		
1004	104.767	104.167		
1005	104.507	104.167		
1006	103.362	103.991		
1007	102.312	103.75		
1008	101.345	103.925		
1009	100.951	104.167		
1010	101.291	104.167		
1011	101.196	104.167		
1012	101.037	104.167		
1013	101.506	103.963		
1014	101.666	103.459		
1015	101.979	103.034		
1016	102.416	103.151		
1017	102.133	103.066		
1018	101.778	102.74		
1019	101.292	102.74		
1020	101.887	102.74		
1021	102.029	102.74		
1022	101.066	102.911		
1023	99.0635	103.624		
1024	96.2087	104.167		
1025	94.7408	103.83		
1026	94.674	103.75		
1027	94.9367	103.641		
1028	95.1157	103.17		
1029	94.8272	103.151		
1030	93.2012	102.989		
1031	92.3177	102.74		
1032	93.0185	101.747		
1033	94.0057	99.7019		
1034	94.9937	98.3445		
1035	95.1786	97.7376		
1036	93.8397	96.7728		
1037	93.038	95.8256		
1038	93.9744	95.7913		
1039	95.3165	95.9236		
1040	95.4771	95.3942		
1041	94.9367	94.3757		
1042	93.7606	94.0542		
1043	91.82	94.7963		
1044	91.2594	95.2448		
1045	90.6813	95.1592		
1046	89.6951	95.3116		
1047	88.9027	95.2439		
1048	87.0143	94.9415		
1049	87.7404	95.0746		
1050	90.064	95.3769		
1051	90.3614	95.5414		
1052	90.3614	95.5414		
1053	90.1212	94.527		
1054	90.459	92.9413		
1055	91.3925	92.2222		
1056	91.3285	92.3336		
1057	90.655	92.3676		
1058	88.2727	89.6296		
1059	88.2727	89.6296		
1060	88.2727	86.2651		
1061	88.2727	87.597		
1062	85.4585	84.3232		
1063	86.5278	86.0246		
1064	86.0372	84.7059		
1065	85.1788	81.9415		
1066	84.9255	84.7059		
1067	85.5348	84.1135		
1068	87.8245	83.2941		
1069	90.3808	86.2782		
1070	91.7086	85.6444		
1071	92.6327	85.6236		
1072	92.7242	87.9036		
1073	92.2866	88.0473		
1074	92.4426	88.2467		
1075	92.5926	88.7574		
1076	91.8519	88.9232		
1077	90.7053	89.4547		
1078	90	90.0844		
1079	89.4932	89.8352		
1080	88.3721	89.4402		
1081	85.6797	90.5109		
1082	82.3256	90.655		
1083	83.9797	90.1863		
1084	83.9797	90.6277		
1085	83.9797	90.5455		
1086	83.9797	90.9124		
1087	83.9797	91.8519		
1088	83.9797	91.9791		
1089	83.9797	91.075		
1090	83.9797	90.9477		
1091	83.9797	92.3232		
1092	83.9797	93.4665		
1093	100.401	93.922		
1094	101.351	94.8177		
1095	101.829	96.1183		
1096	101.639	96.3057		
1097	99.6575	96		
1098	97.2295	96.367		
1099	95.828	96.402		
1100	95.0559	95.5745		
1101	94.7771	95.598		
1102	95.4352	96.4875		
1103	96.2817	96.8395		
1104	95.5082	97.1537		
1105	91.9956	98.028		
1106	88.5296	98.9172		
1107	86.8362	99.2593		
1108	88.0425	99.5671		
1109	90.5698	100.183		
1110	92.2194	100.285		
1111	94.131	100.319		
1112	95.9584	100.914		
1113	96.5037	101.468		
1114	96.1935	101.895		
1115	96.2705	102.041		
1116	96.4968	102.041		
1117	96.074	102.041		
1118	93.2622	101.74		
1119	89.2552	101.633		
1120	86.1426	101.583		
1121	83.3625	101.224		
1122	81.9672	101.525		
1123	82.065	101.646		
1124	82.5179	101.682		
1125	84.5381	101.757		
1126	87.0097	101.426		
1127	88.3409	101.351		
1128	90.1645	101.351		
1129	92.2957	101.368		
1130	93.1798	101.713		
1131	92.8689	102.041		
1132	92.2654	102.041		
1133	91.5516	102.407		
1134	91.5901	102.733		
1135	92.7045	102.207		
1136	93.5287	102.568		
1137	94.033	102.383		
1138	93.9247	102.224		
1139	92.7893	102.568		
1140	91.1456	101.863		
1141	89.5017	101.973		
1142	87.8392	102.499		
1143	86.8966	102.74		
1144	87.5538	102.74		
1145	89.5294	103.316		
1146	91.4118	104.03		
1147	92.0976	103.807		
1148	91.8634	103.456		
1149	92.3496	104.041		
1150	93.8328	104.056		
1151	95.0143	104.195		
1152	95.9167	103.938		
1153	96.5385	103.374		
1154	96.464	103.763		
1155	96.6234	103.459		
1156	97.581	102.866		
1157	98.3766	102.351		
1158	98.6002	102.79		
1159	97.6452	102.5		
1160	95.245	102.207		
1161	92.656	102.761		
1162	91.2376	102.087		
1163	91.7358	100.965		
1164	91.045	99.8764		
1165	88.9279	99.6636		
1166	88.0388	100.258		
1167	87.7193	100.599		
1168	89.0845	100.671		
1169	90.9784	100.465		
1170	91.8316	99.471		
1171	92.3745	99.0084		
1172	94.2593	98.8261		
1173	96.4695	96.6544		
1174	97.8	93.6418		
1175	99.3794	91.879		
1176	100.443	90.4268		
1177	101.033	89.338		
1178	101.655	89.216		
1179	102.245	88.9518		
1180	102.636	88.7574		
1181	102.611	88.4667		
1182	102.066	87.9477		
1183	100.824	87.7193		
1184	99.3474	87.9319		
1185	98.943	88.1899		
1186	98.715	87.9565		
1187	97.5079	85.2753		
1188	96.0414	83.8049		
1189	93.949	84.9208		
1190	93.5115	84.219		
1191	94.6835	84.1061		
1192	94.8603	85.2529		
1193	94.5617	85.9052		
1194	93.4801	85.4646		
1195	92.2181	85.3336		
1196	92.4062	86.3133		
1197	94.2328	86.7052		
1198	95.2028	86.293		
1199	94.9367	85.9039		
1200	94.0747	86.161		
1201	92.7832	88.652		
1202	92.7607	89.9465		
1203	93.4589	89.0909		
1204	93.3333	90.0317		
1205	92.0536	90.343		
1206	90.3252	90.3987		
1207	90.4617	91.1116		
1208	91.4634	91.1382		
1209	90.9669	91.8114		
1210	89.7903	91.9394		
1211	88.4148	91.4815		
1212	85.9164	92		
1213	83.7	91.6162		
1214	83.778	91.8577		
1215	85.7737	92.5166		
1216	87.37	92.0497		
1217	87.5375	92.5201		
1218	88.9871	94.0097		
1219	90.145	94.486		
1220	89.6279	94.1772		
1221	88.8994	94.5425		
1222	87.3393	94.5952		
1223	87.5077	94.8636		
1224	89.5235	95.2782		
1225	90.5218	95.267		
1226	90.0455	95.5743		
1227	88.9076	94.188		
1228	88.2895	94.0313		
1229	87.8844	95.812		
1230	89.8547	96.448		
1231	90.8834	97.3906		
1232	89.0927	98.0392		
1233	88.0639	98.3179		
1234	87.7193	98.8521		
1235	86.8272	99.5161		
1236	85.3848	100.215		
1237	85.0308	100.285		
1238	86.1942	100.708		
1239	86.6404	101.058		
1240	84.9593	100.946		
1241	85.712	101.24		
1242	87.6723	101.248		
1243	88.3041	100.985		
1244	90.7407	101.433		
1245	92.5926	102.041		
1246	92.7789	101.779		
1247	92.8607	101.633		
1248	92.3746	101.895		
1249	91.7283	102.041		
1250	92.314	102.075		
1251	93.5941	102.778		
1252	94.0139	103.448		
1253	93.2984	103.448		
1254	92.3381	103.652		
1255	92.2222	104.163		
1256	92.7353	104.389		
1257	93.7247	103.636		
1258	94.3396	103.929		
1259	95.255	104.201		
1260	96.6332	103.765		
1261	97.6129	103.632		
1262	99.0918	103.333		
1263	100.362	103.796		
1264	101.279	104.167		
1265	101.964	104.167		
1266	101.674	104.167		
1267	100.989	103.545		
1268	100.471	103.333		
1269	99.1552	103.757		
1270	98.949	103.47		
1271	98.7552	102.955		
1272	96.9121	102.701		
1273	95.5816	102.007		
1274	94.0792	101.652		
1275	92.1016	101.997		
1276	92.0427	102.041		
1277	93.0909	101.805		
1278	92.0118	101.12		
1279	90.6265	100.671		
1280	90.3614	100.031		
1281	90.889	99.3644		
1282	92.3178	99.16		
1283	93.4845	98.9404		
1284	92.6023	99.0789		
1285	90.4035	98.9718		
1286	88.5053	98.6842		
1287	87.4337	98.6842		
1288	87.9817	98.6842		
1289	89.0199	98.7679		
1290	89.1995	99.0946		
1291	87.6601	99.3377		
1292	85.4074	99.0633		
1293	84.599	98.7365		
1294	85.8997	98.6842		
1295	87.4276	98.6223		
1296	86.6124	98.2998		
1297	84.2472	98.0392		
1298	84.2472	98.2792		
1299	84.2472	98.4314		
1300	84.2472	98.3888		
1301	84.2472	98.8859		
1302	78.6536	99.3377		
1303	79.6562	99.0476		
1304	81.1394	98.9404		
1305	82.7807	99.2306		
1306	84.3619	99.2541		
1307	87.2078	98.9017		
1308	89.237	98.0178		
1309	89.5195	97.4026		
1310	90.3312	97.2216		
1311	89.8677	97.6764		
1312	88.0063	99.5316		
1313	87.0414	99.0769		
1314	88.0911	96.5464		
1315	89.521	94.262		
1316	90.3878	93.0832		
1317	91.3881	95.0188		
1318	91.333	96.4293		
1319	90.4083	94.8638		
1320	90.6734	92.2527		
1321	92.1826	90.4923		
1322	93.3356	91.3228		
1323	93.4565	92.8617		
1324	92.3546	93.1493		
1325	91.3362	93.7052		
1326	91.2971	95.0967		
1327	91.4634	95.1451		
1328	91.4634	94.5904		
1329	90.5948	95.0631		
1330	88.6265	95.4132		
1331	86.6206	95.561		
1332	87.1432	95.8672		
1333	88.9109	95.904		
1334	88.7425	96.4777		
1335	85.1013	97.7724		
1336	81.9672	97.753		
1337	81.9998	96.7083		
1338	82.4527	97.8154		
1339	84.546	100.187		
1340	87.2961	101.29		
1341	88.5653	102.754		
1342	89.2421	104.801		
1343	89.9294	104.801		
1344	90.5234	104.801		
1345	91.7537	100.723		
1346	93.4242	99.7831		
1347	93.3198	99.0834		
1348	91.3296	99.3709		
1349	89.2661	101.284		
1350	89.5829	103.085		
1351	91.4882	103.151		
1352	92.2186	103.034		
1353	92.0078	102.812		
1354	89.6825	100.822		
1355	87.5357	96.8919		
1356	86.4565	97.9577		
1357	83.9893	100.498		
1358	85.2325	100.135		
1359	87.0735	100.989		
1360	85.1266	101.259		
1361	85.6814	100.946		
1362	87.9651	101.038		
1363	88.9019	103.606		
1364	88.8873	102.673		
1365	87.6985	102.673		
1366	87.201	102.673		
1367	88.1173	98.8235		
1368	88.9118	98.621		
1369	89.7935	98.323		
1370	89.6765	98.4314		
1371	88.3208	97.7328		
1372	86.6521	96.7413		
1373	86.3542	96.5236		
1374	87.3479	96.7742		
1375	87.7306	96.5533		
1376	86.0145	96.2432		
1377	85.2927	95.9579		
1378	87.2668	95.0508		
1379	89.2897	94.6214		
1380	88.798	94.92		
1381	87.0666	94.5688		
1382	87.1013	93.6843		
1383	88.2948	93.1677		
1384	89.7633	93.4123		
1385	90	93.7034		
1386	89.5801	93.9161		
1387	89.6108	94.4907		
1388	90.2994	93.7459		
1389	90.999	92.7996		
1390	91.0714	93.0872		
1391	90.1045	93.2096		
1392	90.0195	93.5008		
1393	90.8312	94.2627		
1394	91.2841	94.6769		
1395	92.7045	94.459		
1396	92.3523	94.3068		
1397	90.5704	93.7208		
1398	90.092	92.7287		
1399	90.1796	92.2889		
1400	91.477	92.3926		
1401	92.3926	92.2608		
1402	91.9964	92.2699		
1403	91.6074	92.554		
1404	91.1619	92.5153		
1405	91.122	92.2313		
1406	91.7877	92.2995		
1407	92.3337	92.7767		
1408	90.5921	93.6467		
1409	87.9201	95.1925		
1410	87.4514	95.806		
1411	88.6984	95.5414		
1412	91.0847	95.3527		
1413	92.1454	95.0504		
1414	91.5808	94.9657		
1415	91.5105	95.2681		
1416	91.7911	95.2874		
1417	92.0245	95.1592		
1418	91.8674	95.3165		
1419	91.6564	95.0767		
1420	91.8136	93.699		
1421	91.7597	92.5926		
1422	91.8359	92.5926		
1423	92.5793	92.5926		
1424	93.3823	92.5926		
1425	94.0613	92.5926		
1426	94.5737	92.9259		
1427	95.0294	93.5046		
1428	95.3963	93.7595		
1429	95.5366	94.3528		
1430	94.9357	94.9367		
1431	95.0073	94.6472		
1432	95.4717	94.1151		
1433	95.067	94.1061		
1434	95.8198	94.0637		
1435	97.0809	94.3564		
1436	96.7027	95.1123		
1437	96.3891	95.2858		
1438	97.2328	96.3373		
1439	97.2177	97.6903		
1440	95.8334	98.228		
1441	93.6169	98.7326		
1442	91.756	99.1626		
1443	91.027	99.3536		
1444	90.6002	99.6848		
1445	89.7198	100.285		
1446	88.8009	100.843		
1447	88.3343	101.234		
1448	87.6772	101.351		
1449	88.5264	101.387		
1450	90.5949	101.732		
1451	91.6123	101.732		
1452	91.1198	101.732		
1453	89.3574	101.732		
1454	88.6616	103.162		
1455	90	103.616		
1456	91.8114	101.588		
1457	91.3095	103.001		
1458	89.2076	104.537		
1459	87.799	104.895		
1460	87.2093	104.368		
1461	88.281	104.056		
1462	90.1498	104.583		
1463	91.4458	104.793		
1464	91.1531	104.429		
1465	89.4103	104.167		
1466	87.7363	104.167		
1467	86.3639	104.167		
1468	86.9143	103.925		
1469	88.3293	103.566		
1470	88.4046	103.448		
1471	87.485	103.517		
1472	87.1392	103.876		
1473	87.7722	104.167		
1474	88.2046	103.848		
1475	89.1293	103.231		
1476	90.2515	103.034		
1477	90.6666	103.011		
1478	90.4671	102.541		
1479	90.0519	102.449		
1480	90.2602	102.371		
1481	90.4085	102.041		
1482	89.6257	102.287		
1483	88.6849	102.449		
1484	87.6355	102.079		
1485	87.1765	101.633		
1486	87.7867	101.757		
1487	88.5068	101.696		
1488	88.4003	101.074		
1489	87.7996	100.734		
1490	87.3827	100.818		
1491	88.6971	100.908		
1492	90.6126	100.095		
1493	91.0843	99.3377		
1494	90.7449	99.0659		
1495	89.5787	98.9404		
1496	88.4528	99.3474		
1497	88.3228	99.7351		
1498	89.7225	99.6		
1499	91.1685	99.6689		
1500	91.1019	99.7351		
1501	90.6497	99.2105		
1502	90.7163	98.9404		
1503	93.1697	99.0789		
1504	93.1697	98.9561		
1505	93.1697	98.0742		
1506	93.1697	97.2071		
1507	93.1697	96.8622		
1508	98.0392	96.3414		
1509	98.3127	94.5382		
1510	98.4314	93.1677		
1511	97.525	93.5568		
1512	95.7277	93.363		
1513	93.9248	91.5708		
1514	93.1677	90.3614		
1515	93.6701	90.9735		
1516	94.4638	90.5484		
1517	94.5474	87.9642		
1518	94.3396	88.9403		
1519	94.7963	91.6677		
1520	95.3972	91.7118		
1521	95.3193	91.2303		
1522	94.4236	90.9091		
1523	93.4682	91.3463		
1524	93.375	91.12		
1525	93.8942	89.6069		
1526	94.6635	88.7574		
1527	95.628	89.5923		
1528	96.1538	89.596		
1529	96.3524	87.6902		
1530	96.9155	89.6041		
1531	97.7165	90.9194		
1532	98.4185	89.747		
1533	98.9979	91.4431		
1534	98.8364	90.6979		
1535	97.0679	90.012		
1536	94.6187	91.2597		
1537	93.0278	91.0376		
1538	92.8663	92.2861		
1539	93.1539	93.75		
1540	92.8473	93.75		
1541	91.9952	93.9256		
1542	91.4634	94.5287		
1543	91.888	95.2487		
1544	92.4526	96.0197		
1545	92.5023	96.6361		
1546	91.9377	96.6824		
1547	91.7013	96.4022		
1548	92.4512	96.8082		
1549	93.4344	97.4026		
1550	94.1226	97.5885		
1551	95.2395	98.0229		
1552	96.3774	98.4778		
1553	96.8531	98.6842		
1554	97.1613	98.0895		
1555	97.0029	97.6703		
1556	96.7742	98.2489		
1557	96.5285	98.9087		
1558	95.4061	98.9563		
1559	93.9985	99.3737		
1560	93.9037	100.285		
1561	94.6334	100.843		
1562	94.717	101.234		
1563	94.1607	101.351		
1564	93.3997	101.351		
1565	92.5047	101.351		
1566	93.2709	101.351		
1567	94.3758	101.351		
1568	94.0841	101.351		
1569	94.1487	101.478		
1570	94.6501	101.691		
1571	95.409	101.224		
1572	95.2292	101.356		
1573	93.9423	102.329		
1574	93.5287	102.449		
1575	92.6524	102.329		
1576	92.25	102.449		
1577	93.3476	102.329		
1578	93.8558	102.438		
1579	95.0577	102.401		
1580	97.2166	102.329		
1581	98.2805	102.449		
1582	98.4202	102.648		
1583	99.2077	103.474		
1584	100.949	103.605		
1585	102.041	102.649		
1586	101.751	102.376		
1587	101.862	103.006		
1588	101.832	103.375		
1589	100.059	103.116		
1590	97.1287	102.516		
1591	95.5414	102.405		
1592	95.5414	101.957		
1593	96.5285	102.007		
1594	98.5299	101.898		
1595	99.9256	101.101		
1596	101.523	100.807		
1597	102.74	100.005		
1598	103.015	99.7325		
1599	103.815	99.3474		
1600	104.445	99.2		
1601	104.359	99.2879		
1602	103.93	98.8		
1603	102.523	99.2647		
1604	100.039	99.2421		
1605	99.2108	96.9304		
1606	100.427	94.4622		
1607	102.017	93.4578		
1608	103.52	93.0859		
1609	103.734	92.2338		
1610	103.734	90.6098		
1611	103.734	89.5209		
1612	103.734	89.3114		
1613	103.734	89.5787		
1614	103.734	90.4447		
1615	103.734	89.8694		
1616	103.734	87.0296		
1617	88.9034	87.3377		
1618	90.5565	88.3877		
1619	92.8345	87.6678		
1620	94.6083	89.1037		
1621	95.8343	87.8354		
1622	96.8482	86.4372		
1623	97.4026	87.8435		
1624	96.7996	86.1958		
1625	95.7505	86.7307		
1626	95.1984	88.5444		
1627	95.6232	86.8069		
1628	95.3556	88.8706		
1629	95.1886	89.9819		
1630	96.297	88.7881		
1631	96.9806	91.7052		
1632	98.5935	91.5296		
1633	99.6927	91.4557		
1634	100.335	93.1282		
1635	101.107	92.0058		
1636	100.581	93.7674		
1637	100.608	93.9775		
1638	101.863	93.268		
1639	102.057	94.7561		
1640	101.09	93.2903		
1641	98.6351	94.2887		
1642	95.9158	95.7712		
1643	97.0263	93.76		
1644	98.6842	92.597		
1645	97.8285	93.9918		
1646	96.075	94.0906		
1647	94.9891	92.4208		
1648	95.2904	91.4859		
1649	96.5911	89.853		
1650	97.9768	91.6378		
1651	98.1818	93.036		
1652	97.6077	92.2068		
1653	97.541	93.5033		
1654	98.1818	92.8944		
1655	99.6777	93.2251		
1656	100.4	93.8559		
1657	100.268	92.4841		
1658	100.54	93.8923		
1659	100.522	95.5414		
1660	99.8712	95.3068		
1661	100.361	95.6357		
1662	101.068	96.4557		
1663	100.092	95.8342		
1664	98.6369	95.555		
1665	97.5	95.2308		
1666	97.9049	94.6154		
1667	97.7598	95.1801		
1668	95.0759	94.3024		
1669	93.0363	95.1835		
1670	92.9701	95.986		
1671	91.5022	95.0649		
1672	90.9403	96.3145		
1673	92.0374	97.023		
1674	91.9676	97.6986		
1675	92.8354	98.6537		
1676	94.0212	98.8594		
1677	94.125	99.2947		
1678	93.7466	99.7775		
1679	93.3517	100		
1680	93.1677	100.627		
1681	93.3983	101.05		
1682	94.148	100.946		
1683	95.3425	100.95		
1684	96.7256	100.483		
1685	98.0588	100.392		
1686	99.4869	101.34		
1687	100.69	102.024		
1688	101.221	101.826		
1689	101.524	101.786		
1690	102.218	102.256		
1691	102.74	102.262		
1692	101.49	101.663		
1693	99.1959	101.666		
1694	99.1959	102.01		
1695	99.1959	101.848		
1696	99.1959	101.503		
1697	99.1959	101.222		
1698	99.1959	100.546		
1699	99.1959	100.333		
1700	99.1959	100.668		
1701	99.1959	100.671		
1702	99.1959	100.394		
1703	99.1959	99.9365		
1704	99.1959	100.546		
1705	82.1587	101.003		
1706	84.4073	100.116		
1707	85.8818	99.6564		
1708	86.1281	99.5965		
1709	86.2069	98.9961		
1710	87.1156	98.2946		
1711	87.067	98.0392		
1712	85.0111	97.5585		
1713	82.4968	96.926		
1714	81.0811	96.4334		
1715	81.1827	95.2161		
1716	81.8509	94.3396		
1717	78.7123	94.3396		
1718	73.4366	94.3396		
1719	73.8118	94.3396		
1720	76.5512	94.3396		
1721	78.355	88.2574		
1722	79.7589	86.3564		
1723	80.3707	86.3564		
1724	80.8348	86.3564		
1725	81.7173	86.9941		
1726	83.2031	82.0202		
1727	84.8835	87.9581		
1728	85.7143	85.3241		
1729	85.8857	80.8937		
1730	85.556	84.7166		
1731	83.7363	83.6304		
1732	83.8154	85.642		
1733	84.1361	89.1566		
1734	81.4231	83.7376		
1735	79.1957	86.9536		
1736	78.5691	90.5487		
1737	78.534	85.0047		
1738	80.0584	87.7394		
1739	81.4947	89.0337		
1740	81.0259	85.6351		
1741	81.4747	85.5968		
1742	83.3899	91.3702		
1743	85.5195	98.1032		
1744	85.8953	94.8083		
1745	85.0616	88.6039		
1746	84.5662	92.5314		
1747	83.5546	94.2925		
1748	84.4518	90.631		
1749	85.0348	91.2786		
1750	82.342	92.5679		
1751	81.0624	88.7823		
1752	81.2903	85.8347		
1753	80.8731	88.4175		
1754	82.2094	89.6279		
1755	82.7825	89.3186		
1756	81.0877	88.9435		
1757	81.6285	89.5176		
1758	83.4498	90.9947		
1759	84.6325	89.2786		
1760	86.2239	87.9755		
1761	87.0016	90.3163		
1762	86.3185	89.9858		
1763	85.3119	90.4756		
1764	85.4939	92.5657		
1765	86.3644	92.963		
1766	87.2731	92.7683		
1767	90.0245	91.1843		
1768	92.0245	91.7655		
1769	92.5767	94.4978		
1770	93.653	95.1592		
1771	94.586	95.2874		
1772	95.2681	95.5414		
1773	94.5444	95.5414		
1774	94.0127	95.0762		
1775	94.5733	94.2101		
1776	93.6306	96.5736		
1777	94.067	97.9114		
1778	95.0943	96.121		
1779	94.9216	95.7692		
1780	96.1808	96.0123		
1781	98.9515	96.5087		
1782	101.739	96.7742		
1783	102.14	97.4083		
1784	101.214	98.0762		
1785	100.946	97.7563		
1786	101.177	97.4026		
1787	101.52	97.7158		
1788	102.928	98.0341		
1789	103.476	97.7002		
1790	103.333	97.0677		
1791	104.024	96.8096		
1792	104.167	97.4421		
1793	104.292	98.3075		
1794	104.583	98.63		
1795	104.441	98.6842		
1796	103.79	98.6842		
1797	101.623	98.6842		
1798	99.5679	99.0005		
1799	99.1835	99.3273		
1800	98.8567	99.5205		
